% Daten für Arrhenius-Problem (Numerische Mathemarik I) 
 
T = 10^2*[7.2879; 7.2861; 7.2877; 7.2884; 7.5036; 7.5031; 7.5066; 7.5079; 7.6634; 7.6653; 7.6688; 7.6488; 7.9095; 7.9023; 7.9002; 8.0995; 8.13036; 8.1013; 8.0967];
K = 10^(-5)*[0.7496; 1.0062; 0.9022; 1.4217; 3.6608; 3.0642; 3.4588; 2.8875; 6.2056; 7.1908; 7.6056; 6.711; 31.972; 25.538; 26.518; 105.99; 89.562; 89.309; 83.409]';